4159
12899
4383
4191
4271
20787
4207
4467
4399
4279
20779
12397
4459
12871
12627
12375
4215
12567
28947
12343
4510
4283
12379
12391
4219
12403
12347
20763
4443
12643
12381
4221
12573
28963
4507
20794
4474
12901
12658
12382
4222
12574
28978
12350
4414
4503
4687
81951
4702
4695
13891
20766
20567
20759
86039
4439
82011
4446
4701
4699
13411
20765
86043
82007
4445
4327
21283
4814
12491
4711
13387
12875
86291
4455
81979
4331
20835
4813
12487
4715
13383
86067
81975
21267
4811
4717
13390
12878
86307
4461
81982
21298
4807
4718
13389
12877
86322
4462
81981
20775
4828
29763
20595
94227
82035
4572
22051
4782
22113
4775
20782
20647
20781
106519
4519
4526
20892
4781
22083
106523
4525
110617
1053097
1052951
1053027
20796
4476
12883
1052958
1054867
1053011
20790
4470
12908
1053042
1052974
1054870
4534
5080
1053592
20819
1053835
82222
21276
4841
12969
4956
13395
1053353
20828
1053020
1053865
82342
5475
1054924
5490
1054932
20850
1053831
82221
5703
1053771
1053255
1055944
4935
5707
1053767
1053912
4725
82199
21329
1053261
1054360
4941
82206
21360
1055952
4942
5715
13507
1053788
1053267
1053897
21332
4732
13961
1053779
1053276
1054345
82268
5731
1053900
1053283
4837
5733
13514
1053898
1053285
1054608
4844
5740
1053891
1053292
1054600
4950
22352
1053795
1053388
1054348
5068
5857
13992
1054369
1053516
1054376
5076
1054284
1054275
1054408
86300
1061986
86864
1075490
1076290
86099
1314899
106790
1314908
1061458
1320070
1061544
1061970
1069904
1320073
1072208
1315992
1315916
1316040
1062466
1315980
1315977
1315404
1316488
1315907
1062536
1324168
1062082
3151496
3152976
3230784
