4223
4287
4335
4343
4347
4415
4447
4463
4471
4475
4477
4478
4511
4527
4535
4541
4542
4567
4571
4573
4574
4583
4587
4589
4590
4598
4602
4604
4703
4719
4727
4731
4733
4734
4783
4791
4797
4798
4815
4823
4827
4829
4830
4839
4843
4845
4846
4853
4857
4860
4943
4951
4957
4958
4967
4974
5015
5022
5031
5037
5038
5046
5063
5067
5069
5070
5077
5078
5081
5082
5084
5093
5097
5100
5108
5112
5479
5483
5485
5486
5491
5494
5498
5500
5543
5550
5558
5603
5610
5618
5711
5719
5723
5735
5739
5741
5742
5749
5756
5799
5859
5861
5865
5873
5959
5966
5974
6083
6567
12351
12383
12399
12407
12411
12413
12414
12495
12503
12507
12509
12510
12575
12606
12631
12635
12637
12638
12647
12651
12653
12654
12659
12662
12666
12668
12879
12887
12891
12893
12894
12903
12907
12909
12910
12917
12924
12967
12971
12973
12974
12999
13003
13005
13006
13029
13033
13036
13127
13133
13134
13142
13391
13399
13403
13405
13406
13415
13419
13421
13422
13427
13511
13515
13518
13523
13529
13530
13651
13667
13682
13895
13899
13901
13902
13907
13923
13925
13932
13959
13963
13965
13966
13977
13989
13993
13994
13996
14019
14025
14026
14049
14056
20575
20599
20605
20655
20663
20667
20767
20783
20791
20795
20797
20798
20823
20827
20829
20830
20839
20843
20845
20846
20851
20854
20858
20860
20887
20891
20893
20894
20903
20907
20909
20910
20918
20922
20924
20956
21271
21275
21277
21278
21287
21293
21299
21302
21306
21308
21331
21333
21334
21340
21361
21364
21404
21460
21843
21859
21874
22055
22059
22061
22062
22067
22087
22091
22099
22115
22117
22121
22124
22129
22179
22181
22241
22291
22300
22307
22322
22339
22348
22353
22354
22356
22360
22369
22384
22412
22420
22472
22480
24400
28787
28951
28955
28957
28958
28967
28971
28973
28974
28979
28982
28986
28988
29011
29027
29042
29459
29475
29490
29521
29552
29767
29771
29773
29774
29779
29795
29831
29835
29837
29838
29891
29897
29898
30243
30275
30305
31763
31825
81983
82015
82039
82043
82045
82046
82103
82107
82207
82223
82238
82263
82267
82269
82270
82283
82285
82286
82298
82300
82343
82347
82349
82350
82358
82362
82364
82406
82525
82556
82780
86047
86071
86075
86077
86078
86103
86107
86131
86295
86299
86301
86302
86311
86315
86317
86318
86323
86326
86330
86332
86355
86364
86371
86386
86428
86579
86611
86620
86641
86803
86812
86819
86834
86851
86860
86865
86866
86868
86872
86881
86896
87888
88339
88355
88370
88912
94231
94235
94237
94238
94291
106527
106551
106555
106557
106558
106583
106587
106681
106775
106782
106791
106798
106854
106918
107334
110615
110619
122903
122907
123174
246044
1052959
1052975
1052990
1053015
1053019
1053021
1053022
1053031
1053035
1053037
1053038
1053043
1053046
1053050
1053052
1053079
1053083
1053086
1053095
1053099
1053101
1053102
1053110
1053113
1053114
1053116
1053148
1053263
1053271
1053275
1053277
1053278
1053287
1053291
1053293
1053294
1053301
1053308
1053351
1053355
1053357
1053358
1053369
1053383
1053387
1053389
1053390
1053404
1053413
1053417
1053420
1053511
1053517
1053518
1053526
1053532
1053593
1053596
1053609
1053624
1053644
1053652
1053656
1053775
1053783
1053787
1053789
1053790
1053799
1053803
1053805
1053806
1053811
1053839
1053847
1053851
1053854
1053863
1053867
1053869
1053870
1053881
1053895
1053899
1053901
1053902
1053907
1053913
1053914
1053916
1053923
1053929
1053930
1054035
1054044
1054051
1054066
1054121
1054136
1054168
1054279
1054283
1054285
1054286
1054291
1054300
1054307
1054309
1054316
1054343
1054347
1054349
1054350
1054361
1054364
1054371
1054373
1054377
1054378
1054380
1054385
1054392
1054403
1054409
1054410
1054412
1054424
1054433
1054440
1054540
1054601
1054604
1054609
1054612
1054616
1054625
1054632
1054640
1054664
1054672
1054871
1054875
1054878
1054887
1054891
1054893
1054894
1054901
1054902
1054919
1054923
1054925
1054926
1054931
1054933
1054934
1054940
1055111
1055118
1055126
1055180
1055188
1055436
1055444
1055879
1055883
1055886
1055891
1055894
1055939
1055945
1055946
1055948
1055953
1055954
1055956
1055960
1056200
1056208
1056456
1061206
1061210
1061212
1061222
1061226
1061228
1061459
1061462
1061466
1061468
1061475
1061477
1061484
1061492
1061542
1061545
1061546
1061548
1061574
1061578
1061580
1061604
1061608
1061702
1061708
1061971
1061974
1061978
1061980
1061987
1061990
1061994
1061996
1062002
1062083
1062090
1062098
1062104
1062226
1062242
1062467
1062470
1062474
1062476
1062482
1062498
1062500
1062534
1062537
1062538
1062540
1062552
1062564
1062568
1062594
1062600
1062624
1069395
1069404
1069411
1069426
1069468
1069619
1069651
1069660
1069681
1069772
1069843
1069852
1069859
1069874
1069891
1069900
1069905
1069906
1069908
1069912
1069921
1069936
1070163
1070179
1070236
1070296
1070627
1070659
1070668
1070689
1070732
1070792
1070928
1071155
1071187
1071308
1071316
1071379
1071388
1071395
1071410
1071500
1071508
1071952
1072147
1072156
1072195
1072204
1072209
1072210
1072212
1072216
1072268
1072276
1072328
1072336
1072464
1072720
1073715
1073777
1073862
1073892
1074001
1074402
1074822
1074850
1074852
1074882
1074912
1075398
1075475
1075491
1075494
1075506
1075554
1075590
1075618
1075620
1076002
1076034
1076064
1076243
1076291
1076294
1076305
1076306
1076322
1076358
1076418
1076514
1076546
1076576
1076770
1076802
1076832
1077872
1078096
1078818
1078850
1078880
1079570
1079586
1080338
1080386
1080400
1134675
1134684
1134876
1135440
1136659
1137744
1142866
1151068
1155366
1157254
1314903
1314907
1314909
1314910
1314931
1315036
1315155
1315164
1315186
1315403
1315405
1315406
1315411
1315420
1315436
1315497
1315532
1315660
1315736
1315911
1315915
1315917
1315918
1315923
1315932
1315939
1315975
1315979
1315981
1315982
1315993
1315996
1316009
1316035
1316041
1316042
1316044
1316056
1316248
1316419
1316428
1316489
1316492
1316504
1316513
1316520
1316552
1316744
1316752
1317068
1317076
1318025
1318028
1318036
1318040
1318088
1318096
1319003
1319005
1319006
1319593
1320071
1320075
1320077
1320078
1320089
1320102
1320105
1320131
1320134
1320137
1320138
1320582
1320585
1320609
1320612
1320616
1320864
1321158
1322118
1322121
1322178
1323122
1323346
1323594
1323596
1323602
1323688
1324099
1324102
1324106
1324108
1324114
1324166
1324169
1324170
1324172
1324184
1324200
1324226
1324232
1324680
1324704
1326216
1331788
1332048
1332300
1332364
1332424
1334352
1348137
1348172
1348376
1348684
1348745
1348748
1348808
1349256
1352233
1352838
1352841
1352898
1353376
1356328
1356936
1839308
1840195
1840204
1840265
1840328
1840776
1848386
3150668
3150676
3151436
3151497
3151512
3151521
3151528
3151560
3151696
3151752
3151760
3152963
3152977
3152978
3152980
3152984
3153096
3153104
3153232
3153488
3153544
3153552
3155624
3157073
3157126
3157137
3157408
3159712
3161168
3161232
3167056
3167568
3167824
3168016
3169360
3169552
3169600
3218512
3222594
3230084
3230786
3230788
3230800
3230852
3230912
3231040
3232848
3234880
3282568
3493968
3675681
3675784
3677264
3677712
3679904
3681297
3755072
7347728
7506304
20008000
