22375
4863
12543
14183
61727
20735
127007
4607
82175
21311
5503
13039
4991
13935
1054943
20863
1053055
1055903
12671
82559
5055
22127
5567
12927
22247
13167
1054911
20927
1053119
1055135
6591
22382
5115
12991
21435
5087
13943
1053627
20959
1053151
1055933
12767
82655
22379
5615
13023
22499
5103
14190
1054959
20975
1053167
1056158
82623
6639
22319
5623
13054
22501
5111
14159
1054974
20983
1053175
1056143
12791
82683
6647
21871
5627
13047
22471
13679
1054973
20987
1053179
1054111
12795
82679
22351
5629
13051
21949
5117
13687
1054971
20989
1053181
1054141
82686
22381
5630
13053
22439
5118
14167
1054967
20990
1053182
1056151
12798
82685
21367
5759
13535
14055
1053919
1053311
1055965
82303
22135
5823
13439
22478
13287
1053887
1053375
1055197
82415
22390
22331
14307
1053823
1053407
1056217
82399
22387
5871
24371
1053935
1053423
1056220
82367
22327
5879
13566
24378
14279
1053950
1053431
1056205
82427
21879
5883
13559
24347
13789
1053949
1053435
1054173
82423
22359
13563
22429
14237
1053947
1053437
1054621
82430
22389
24359
14309
1053943
1053438
1056213
82429
21373
5983
13999
14059
1054649
21343
1053535
1055963
13151
82783
5999
14031
14062
1055951
1053551
1055966
6014
14061
1055959
1053566
13182
82813
22142
13691
21947
13291
1054139
21407
1053599
1055195
13215
82895
22139
6063
13919
22508
13294
1055919
21423
1053615
1055198
13231
82863
22079
6071
13950
22506
13263
1055934
21431
1053623
1055183
82923
22111
13947
21437
1055931
1053629
82926
22141
6078
13949
22446
13293
1055927
21438
1053630
1055191
13246
82925
22394
6095
13983
22451
14314
1054643
1053647
1056218
82847
22334
6103
14014
22458
14283
1054650
21463
1053655
1056203
13271
82907
21886
6107
14007
22427
13787
1054619
1053659
1054171
13275
82903
22366
14011
22203
14013
1054395
21469
1053661
1054397
13277
82910
22396
6110
22443
14313
1054635
1053662
1056211
13278
82909
6119
14046
24498
14286
1055982
1053671
1056206
7143
21883
14039
24380
13790
1055981
1053675
1054174
22363
6125
14043
22460
14254
1055979
1053677
1054652
82878
22393
6126
14045
24483
14316
1055975
1053678
1056214
7150
22303
6133
14074
22453
14223
1055994
21493
1053685
1054645
13301
82938
22333
6134
14076
24485
14285
1055990
21494
1053686
1056199
13302
82937
21855
14067
13663
1055993
1053689
1054047
13305
82934
21885
14069
24365
13783
1055989
1053690
1054167
13306
82933
22365
14073
22445
14253
1055987
21500
1053692
1054637
13308
82940
15055
22514
14322
1055439
1054063
1056248
15070
22516
14321
1055454
1054071
1056241
15069
22486
1055453
1054075
1054367
83422
15067
22006
13811
1055451
1054077
1054201
13693
83415
15063
22454
14291
1055447
1054078
1056233
13694
83419
22477
22259
1055219
21935
1054127
1055228
22415
22261
1055226
21943
1054135
1055221
83437
22475
22199
1055211
21950
1054142
1055213
83435
22513
14324
1055470
1054183
1056244
22430
22483
14238
1055469
1054187
1054622
24343
22003
13814
1055467
1054189
1054204
24374
14294
1055463
1054190
1056236
15094
22485
1055484
1054195
1054607
14293
1055478
1054198
1056229
22423
15093
14231
1055477
22010
1054202
1054615
13818
83450
16089
1054303
1056473
84319
24433
1054415
1054319
1056476
24436
16071
1054430
1054327
1056461
24406
1054429
1054331
22489
14297
1054427
1054333
1054681
84350
16085
1054423
1054334
1056469
22492
1054383
22191
1055708
22490
15303
1054398
1054391
1055693
1054446
1054439
1056716
24403
1054445
22251
1054443
1054684
24405
1054460
1054451
1054669
1054458
1054453
1054677
14173
1054457
22265
1054557
84470
16090
1054705
1054543
1056474
14328
22520
16075
1054712
1054551
1056459
22505
16083
1054697
1054558
1056467
14174
16078
24560
1056462
1054567
16086
1056455
1054574
1056470
15310
1056242
1054631
1055694
15318
1056227
1054638
1055702
14298
1056234
1054646
1055687
16116
1054706
1054663
1056500
1054675
1054667
1054682
1054691
1054670
1056492
1054698
1054678
1056485
1056490
1054693
1054708
1056483
1054700
1055151
1055166
1055214
1055207
1056174
83643
1055222
1056167
83705
29499
28863
29039
110655
30311
29807
28799
28991
94271
88379
86843
29855
122943
30563
29087
28895
29903
94367
88883
30503
28925
88890
61803
127037
30535
61806
28919
61751
127031
87453
30055
88859
61799
127035
61755
30565
88875
61805
127038
61758
1061243
1061183
29501
29103
1069631
1074030
30315
1071167
29023
1061215
1074795
88499
29495
1073727
1074027
30318
1073871
1061231
1074798
86459
29487
29117
1073787
1073967
30287
1073902
29047
1061239
1074767
86461
29115
1073783
1073519
1073895
29051
1074287
88381
29471
29111
1073790
1073999
30255
1073899
29053
1061245
1074735
88501
29502
29118
1073789
1074029
30317
1073901
29054
1061246
1074797
88491
30510
29165
86970
1073883
1074990
30539
1073854
29143
1061335
1075019
87484
30062
29163
86939
1073879
1074542
30059
1073847
29147
1061339
1074539
88979
30542
29159
86715
1073886
1075022
30507
1073851
29149
1061341
1074987
89010
30572
29166
86955
1073885
1075052
30569
1073853
29150
1061342
1075049
88995
30509
29180
89002
1073913
1074989
30541
1073916
29174
1061366
1075021
87469
30061
29178
88971
1073909
1074541
1061370
29558
29871
1069423
1074038
30435
1070191
1061471
1074915
88375
29555
1074035
1061999
1061487
1074918
86335
29934
1073531
1073975
30407
1074414
1061495
1074887
86431
29927
1073527
1074407
1061499
88351
29527
29931
1073534
1074007
30375
1074411
1061501
1074855
88382
29557
29933
1073533
1074037
30437
