135219
131635
33685555
268566579
196659
147507
131131
131187
537002035
139315
131379
131127
133171
4659
8392755
4155
4211
1587
66099
571
627
819
262707
567
2611
268501043
2147549235
81971
65651
16842803
73779
65843
67635
2113587
67125299
4210739
24627
16691
18483
1139
8307
8499
2355
2227
3123
526387
8425491
142610451
8409107
8394771
2117651
67129363
20563
4214803
4247
268632083
302055443
268517395
268501075
805371923
268501015
2148073491
2147565587
25231379
17891347
16842775
1235
3155
131667
851
268566803
1811
