4351
21307
4831
12511
4735
13927
29775
20607
28959
94239
12415
4479
82047
4575
22119
4799
13159
28975
20671
110623
4543
22371
4847
29839
122911
4591
82111
22311
4862
12542
22373
4855
14151
61726
20727
61719
126999
12535
4599
82171
4606
21863
4861
22343
4859
13671
61725
61723
127003
12539
4603
82167
4605
20799
12911
1054879
1052991
12607
21309
5113
12975
4959
13931
1053625
20831
1053023
1055899
12639
82527
5053
21303
5487
13007
4975
13934
1054927
20847
1053039
1055902
12655
82363
5047
21295
5495
13038
13903
1054942
20855
1053047
1055887
12663
82365
5039
5499
13031
13423
1054941
20859
1053051
1053855
12667
82287
21279
5501
13035
13683
1054939
20861
1053053
1054137
12669
82558
5023
21310
5502
13037
4990
13933
1054935
20862
1053054
1055895
12670
82557
5054
22126
20923
12919
1053115
20895
1053087
1054909
22123
5551
12895
22243
13166
1054895
20911
1053103
1055134
6575
22063
5559
12926
22245
13135
1054910
20919
1053111
1055119
22095
12923
20925
1054907
1053117
22125
5566
12925
22183
13143
1054903
20926
1053118
1055127
22318
5114
12990
21434
5079
13941
1053626
20951
1053143
1055925
12759
82651
21870
5083
12983
21403
13675
1053595
20955
1053147
1054107
12763
82647
22350
12987
20967
5085
13431
1053371
20957
1053149
1053885
12765
82407
22380
5099
12989
21415
5086
13911
1053611
20958
1053150
1055917
12766
82653
22315
5607
13022
22497
5095
14158
1054958
1053159
1056142
82619
6631
21867
5611
13015
22467
13678
1054957
20971
1053163
1054110
82615
22347
5613
13019
21948
5101
13686
1054955
20973
1053165
1054140
82622
22377
5614
13021
22435
5102
14166
1054951
20974
1053166
1056150
82621
22317
5622
13052
22437
5110
14157
1054966
20982
1053174
1056135
12790
82681
6646
21869
5626
13045
22407
13677
1054965
20986
1053178
1054103
12794
82677
22349
13049
21927
5116
13655
1054963
20988
1053180
1054125
82684
21366
5727
13407
14051
1053791
1053279
1055961
82271
21363
5743
13519
1053903
1053295
1055964
82239
5751
13534
14023
1053918
1053303
1055949
82299
5755
13533
1053917
1053307
82295
21335
5757
13531
13991
1053915
1053309
1054617
82302
21365
5758
13527
14053
1053911
1053310
1055957
82301
22131
5807
22476
1053871
1053359
1055196
82351
22071
5815
13438
22474
13255
1053886
1053367
1055181
82411
22103
13435
21405
13213
1053883
1053373
1053597
82414
22133
13437
22414
13285
1053879
1053374
1055189
82413
22386
22323
1053807
1053391
1056216
5071
22326
22330
14275
1053822
1053399
1056201
82395
21878
22299
13785
1053821
1053403
1054169
82391
22358
22075
13981
1053819
1053405
1054365
82398
22388
14305
1053815
1053406
1056209
82397
5863
24370
1053934
1053415
1056204
21875
5867
24339
1053933
1053419
1054172
82359
22355
22428
1053931
1053421
1054620
82366
22385
24355
1053927
1053422
1056212
22295
5877
13562
22421
14215
1053946
1053429
1054613
5109
82426
21847
5881
13555
22301
13661
1053945
1053433
1054045
82422
22357
5875
22413
14221
1053939
1053436
1054605
82428
5619
5967
13967
14058
1054641
1053519
1055962
5975
13998
14027
1054648
1053527
1055947
21341
13995
1054393
1053533
13149
82782
21372
5982
13997
14057
1054633
1053534
1055955
13150
82781
5991
14030
1055950
1053543
5998
14029
14060
1055943
1053550
1055958
22078
13690
21946
13259
1054138
21399
1053591
1055179
13207
82891
22140
13659
21931
13289
1054123
21406
1053598
1055187
13214
82893
6055
13918
22504
13262
1055918
1053607
1055182
22107
13915
21436
13230
1055915
21421
1053613
1053628
13229
82862
22137
6062
13917
22444
13292
1055911
1053614
1055190
82861
22077
6070
13948
22442
13261
1055926
21430
1053622
1055175
82921
6087
13982
22450
14282
1054642
1053639
1056202
21882
6091
13975
22419
13786
1054611
1053643
1054170
82839
22362
13979
22195
14012
1054387
1053645
1054396
82846
22392
6094
14312
1054627
1053646
1056210
22302
14010
22197
14005
1054394
21461
1053653
1054389
13269
82906
22332
6102
14281
1054634
21462
1053654
1056195
13270
21851
1054363
1053657
1054043
13273
82902
21884
22411
13779
1054603
1053658
1054163
13274
82901
22364
22187
1054379
21468
1053660
1054381
6117
14042
22452
14222
1055978
1053669
1054644
14035
13662
1055977
1053673
1054046
22361
6124
14041
14252
1055971
1053676
1054636
14072
1055986
21492
1053684
1054629
13300
14065
1055985
1053688
1054039
13304
15054
22512
14320
1055438
1054055
1056240
15047
22482
1055437
1054059
1054366
15051
22002
13810
1055435
1054061
1054200
14290
1055431
1054062
1056232
22484
1055452
1054067
1054351
15062
14289
1055446
1054070
1056225
15061
22422
1055445
1054074
1054359
83418
15059
21942
1055443
1054076
1054185
13692
22257
1055218
1054119
1055220
22473
1055203
1054126
1055212
1055210
1054134
1055205
83433
22481
1055468
1054179
1054606
14230
1055461
1054186
1054614
15092
1055476
1054194
1054599
1054287
1056472
16067
1054302
1054295
1056457
1054301
1054299
1054425
84311
24432
1054414
1054311
1056460
24401
1054413
1054315
1054428
22488
1054411
1054317
1054680
1054407
1054318
1056468
1054426
1054325
1054673
1054419
1054332
1054665
1054382
1054375
1055692
1054444
1054435
1054668
1054442
1054437
1054676
1054441
22249
1054556
1054456
1054449
1054541
16074
1054704
1054535
1056458
16082
1054689
1054542
1056466
1054696
1054550
1056451
1054674
1054659
1054666
1055150
1055143
28987
106559
30307
86079
88371
29491
86331
29479
28855
29035
110653
30279
29803
28791
28983
94263
86429
29031
28859
110651
29799
94267
88347
29467
29038
110647
30247
29806
28797
28989
94269
88378
29498
28862
29037
110654
30309
29805
28990
94270
88363
86835
86842
29854
122941
30531
29086
28887
29901
94366
87452
86811
29853
122939
30051
29085
29902
94365
88851
86587
29851
122935
30499
29083
29895
94363
88882
86827
29847
122942
30561
29079
29899
94359
88867
1061211
1061227
1061242
1061182
29485
29101
1069623
1073966
30283
1071159
29015
1061207
1074763
86460
29099
1069627
1073518
1071163
29019
1074283
88380
29469
29095
1069629
1073998
30251
1071165
29021
1061213
1074731
88498
29500
29102
1069630
1074028
30313
1071166
29022
1061214
1074793
88483
1073719
1073963
30286
1073870
1061223
1074766
86203
1073515
1073863
86427
29463
1073725
1073995
30254
1073867
1061229
1074734
86458
29494
1074025
30316
1073869
1061230
1074796
86443
1073779
1073894
29043
86333
29116
1073785
1073965
30285
1073900
29046
1061238
1074765
86445
29114
1073781
1073517
1073893
29050
1074285
88365
29470
29110
1073788
1073997
30253
1073897
29052
1061244
1074733
88485
29553
1069875
1074914
86327
29870
1069419
1073974
30403
1070187
1061463
1074883
86430
29863
1069415
1073526
29923
1070183
1061467
1074403
88343
29526
29867
1069422
1074006
30371
1070190
1061469
1074851
88374
29556
29869
1069421
1074036
30433
1070189
1061470
1074913
88359
1061995
1061479
1074886
1073523
1061991
1074406
86303
29523
1074003
1061998
1061485
1074854
86334
1074033
1061997
1074916
86319
29930
1073530
1073943
30343
1074410
1061493
1074823
86423
29525
29929
1073532
1074005
30373
1074409
1061500
1074853
88366
30259
29790
88980
1069467
1074739
1070235
1061543
1074118
86589
29811
29783
88860
1069469
1074291
1070237
1061547
1073638
86813
30291
29787
86940
1069470
1074771
1070238
1061549
1074086
86844
30321
29789
88972
1069463
1074801
1070231
1061550
1074148
86829
30514
87858
1073563
1074994
1074331
1061575
1075138
86583
30066
87827
1073559
1074546
1074327
1061579
1074658
86807
30546
87603
1073566
1075026
1061581
1075106
86838
30576
87843
1075056
1061582
1075168
86823
30483
29914
87956
1073594
1074963
1074394
1061605
1075078
86590
30035
29907
87836
1073590
1074515
1074387
1061609
1074598
86814
30545
29913
87948
1073596
1075025
1074393
1061612
1075108
86830
30350
1073947
1073978
30410
1074830
1061703
1074890
86199
30347
1073950
1074010
30378
1074827
1061709
1074858
86454
30349
1073949
1074040
30440
1074829
1061710
1074920
86439
30380
1074009
1073980
30409
1074860
1061718
1074889
86446
86897
1076066
1076834
86387
86904
1071309
1076006
32019
1069773
1061975
1076803
86492
86873
1071310
1075558
31795
1069774
1061979
1076323
88403
86649
1071303
1076038
32035
1069767
1061981
1076771
88434
86889
1071307
1076068
32050
1069771
1061982
1076833
88419
88944
1076003
1075399
1076806
86139
88913
1075555
1076326
86363
87512
1076035
1075403
1076774
86394
88929
1076065
1076836
86379
88920
1075315
1075495
31771
1075430
1062003
1076295
86365
86898
1077026
1062087
1077058
86643
86867
1076578
1062091
86883
1077088
86874
1075411
1076518
32067
1075382
1062099
1076547
87388
86619
1075414
1076550
1075379
1062105
1076515
88914
86859
1075413
1076580
32097
1075381
1062106
1076577
88899
87000
1075795
1075502
31767
1075878
1062227
1076299
86396
89040
1075763
1075499
31773
1075910
1062243
1076302
86141
89032
1075825
1075501
31774
1075940
1062258
1076301
86381
31885
87920
1075483
1076018
1076366
1062471
1076930
86135
31879
87889
1075479
1075570
1076359
1062475
1076450
86359
87665
1075486
1076050
1076363
1062477
1076898
86390
87905
1075485
1076080
1076365
1062478
1076960
86375
87896
1075539
1075510
31891
1076390
1062483
1076419
86366
89936
1075507
1076422
1062499
86111
31893
88016
1075514
1075987
1076426
1062501
1076870
86142
31894
88008
1075516
1076049
1076425
1062508
1076900
86382
87410
1075595
1076786
1076254
1062535
1076162
86645
31857
87379
1075591
1076338
1076247
1062539
1075682
86869
32081
86748
1075598
1076818
1076251
1062541
1076130
86900
32112
87395
1075597
1076848
1076253
1062542
1076192
86885
31830
86621
1075654
1076310
1076275
1062553
1075619
88916
31829
86996
1075626
1076755
1076314
1062565
1076102
86652
31827
86876
1075622
1076307
1062569
88908
1075621
1076337
1076309
1062570
1075684
86861
32082
86988
1075628
1076817
1076313
1062572
1076132
86892
87890
1075603
1076530
1076374
1062595
1076674
86615
87635
1075606
1076562
1076371
1062601
1076642
86870
87875
1075605
1076592
1076373
1062602
1076704
86855
31953
87892
1075634
1076499
1076434
1062625
1076614
86622
87884
1075636
1076561
1076433
1062632
1076644
86862
106683
94299
94295
106679
94302
94301
106591
106621
106622
122971
110679
106619
106615
122967
110683
106799
1314911
106783
1319007
1071411
1320166
1079571
1320646
1320676
1079587
106814
1320614
1079602
106925
1069655
1320163
1071191
1069399
1134679
1070167
106910
1320643
1071195
1069403
1134683
1070171
106919
1069661
1320673
1069405
1134685
106926
1320611
1069406
1134686
1151196
1136915
106907
1319623
1136691
106903
1319653
1136931
1319591
1136946
1069683
1320135
1071324
1069427
1142867
1070300
1069689
1320103
1071318
1069430
1142870
1070297
1069685
1320583
1071317
1069434
1142874
1070298
106934
1069692
1320613
1071315
1069436
1142876
1070291
106861
106874
1320418
1151063
106859
1320898
1151067
106855
1320928
1151069
106862
106843
1320866
1151070
106845
107102
1069739
1319398
1069741
1069479
1155159
1070253
107095
1069735
1319878
1069483
1155163
1070251
106839
107099
1069742
1319908
1155165
1070247
106846
107101
1319846
1069486
1155166
106876
107132
1069801
1320358
1071286
1069494
1159254
1070313
107125
1069797
1320838
1071285
1069498
1159258
1070314
106870
1069804
1320868
1071283
1069500
1159260
1070307
106982
1069788
1320865
1071219
1069532
1167452
1070195
1069899
1320170
1072158
1069847
1319627
1072205
1069895
1320650
1072157
1069851
1153228
1072206
1069902
1320680
1072155
1069853
1319595
1072199
1069901
1320618
1072151
1069854
1319657
1072203
1069867
1151896
1072270
1069863
1319630
1072269
1069870
1319660
1072267
1069869
1319598
1072263
1069923
1320142
1072284
1072332
1069929
1320110
1072278
1069878
1319629
1072329
1069925
1320590
1072277
1069882
1153236
1072330
1069932
1320620
1072275
1069884
1319597
1072323
1069907
1320139
1072220
1069914
1320169
1072218
1069909
1320587
1072213
1069913
1320107
1072214
1069910
1320649
1072217
108966
1069916
1320617
1072211
1069938
1320141
1072344
1069937
1320079
1072340
1069944
1320109
1072338
1069940
1320589
1072337
107430
1070028
1320872
1072179
1069980
1319849
1072227
107942
107341
1070040
1320361
1072242
1070036
1320841
1072241
1071699
1320147
1071708
1070419
1320625
1070428
107878
1071667
1319127
1071820
1070435
1320880
1070492
108002
1071729
1320087
1071828
1070450
1320849
1070552
107335
1071403
1319038
1070734
1070631
1321670
1071501
107342
1071399
1319518
1070733
1070635
1321190
1071502
1071406
1319548
1070731
1070637
1321442
1071495
1071405
1319290
1070727
1070638
1321700
1071499
107462
1071459
1320030
1070748
1070643
1321159
1071564
1071387
1319035
1070670
1070663
1322690
1071389
1071383
1319515
1070669
1070667
1322210
1071390
1071443
1320027
1070684
1070675
1322179
1071452
107366
1070796
1070691
1322182
1071516
1071418
1319037
1070794
1070693
1322464
1071509
107350
1071414
1319517
1070793
1070697
1322150
1071510
1071420
1319259
1070787
1070700
1322434
1071507
107492
1071474
1320029
1070808
1070705
1322119
1071572
1071523
1319262
1070764
1070755
1321414
1071532
1071530
1319292
1070762
1070757
1321444
1071525
1071538
1319261
1070824
1070817
1322374
1071540
1071939
1320154
1072668
1070867
1321163
1072460
1071948
1320632
1072659
1070876
1321171
1072451
108358
1071907
1319134
1072780
1070883
1321166
1072524
108482
1071969
1320094
1072788
1070898
1321165
1072584
1071891
1319131
1072716
1070915
1322186
1072412
1071900
1319609
1072707
1070924
1322194
1072403
1071954
1320153
1072728
1070929
1322123
1072468
1071953
1320091
1072724
1070930
1322185
1072472
1071960
1320121
1072722
1070932
1322193
1072465
1071956
1320601
1072721
1070936
1322131
1072466
1071922
1319133
1072840
1070945
1322126
1072532
1071984
1320093
1072848
1070960
1322125
1072592
1072012
1319864
1072675
1070988
1321174
1072419
1072072
1320376
1072690
1070996
1321173
1072481
1072020
1319833
1072737
1071048
1322134
1072434
1072080
1320345
1072752
1071056
1322133
1072496
1072976
1322137
110777
94323
110871
1314935
94487
1314939
110887
1314941
94493
110894
1314942
94494
94509
110878
94510
1323123
61750
1061494
1323126
1078058
1061564
1079578
1062006
61754
1061498
1323130
1061562
1062010
1323132
1078042
1061558
1079594
1062012
1331315
1151262
94547
1134707
94803
94563
1136667
1077873
1336455
1151255
94578
1079410
1077618
1142898
1078386
94833
1078083
1336522
1104924
1104972
95043
1105036
1336462
1105044
1105096
95073
1078098
1336521
1151278
95057
1104984
1078097
1336459
1104980
95058
1078128
1336461
1151271
95088
1105104
123175
1315037
123182
1315038
123181
1315031
123179
1315035
123302
1134812
1151324
95315
1331420
96339
123238
1338438
123159
1152216
123166
1152664
123165
1154256
123163
1154248
123190
1061606
1080098
1152092
1061596
1062108
1323228
1061340
123196
1080082
1152904
1061590
1062102
1323222
1061334
123194
1061610
1079858
1152912
1061594
1323226
1061338
123718
1103500
1078819
1337542
1104268
123686
1103436
1078851
1338562
1104156
123748
1103560
1078881
1338502
1104276
125222
1080387
1338450
1151580
1102620
1080339
1337427
1102668
97347
125346
1080402
1338449
1151820
1102680
1080401
1338387
1102676
97362
1318044
1316046
1318092
1078882
1318041
1316556
1316451
1315997
1316430
1318600
1316423
1318029
1315534
1318352
1315943
1318037
1316494
1317580
1316195
1316249
1316554
1316816
1316453
1316252
1316784
1318090
1162376
1318284
1317070
1318030
1160344
1315407
1318104
1316045
1316060
1315435
1315919
1315187
1317084
1316039
1318100
1315438
1315983
1315437
1316760
1316043
1315419
1316057
1316429
1316568
1316427
1315933
1315415
1318089
1315533
1316508
1315947
1315934
1315422
1318097
1316493
1315548
1315955
1315927
1315421
1316505
1316553
1316444
1316435
1315931
1315179
1317069
1315527
1318344
1315950
1315998
1315194
1317077
1316487
1317588
1316210
1315991
1315163
1315737
1316547
1316808
1316460
1315995
1315445
1316753
1315531
1316312
1315949
1316058
1315452
1316745
1316491
1315800
1316179
1316051
1315499
1315292
1316769
1318098
1315662
1316013
1315495
1317324
1317063
1318038
1315182
1316014
1315502
1317332
1318023
1317078
1315190
1316007
1315501
1315740
1318083
1316776
1315670
1316011
1315561
1316188
1316529
1316536
1315661
1316073
1315557
1316756
1317067
1316280
1315181
1316074
1315564
1316748
1318027
1315768
1315159
1316067
1315513
1315165
1316577
1316584
1316684
1316025
1315166
1318035
1316524
1315788
1316515
1315753
1315196
1316265
1316522
1315796
1316517
1317075
1315676
1316521
1348812
1350793
1348686
1350856
1348761
1348764
1350681
1348750
1349836
1350801
1348810
1350732
1840281
1349196
1349320
1324611
246118
1348300
1349260
1324131
1840269
1348174
1351304
1324103
246045
1331787
1840344
1348685
1348824
1136670
1134871
1323595
1332301
1078854
1842376
1332302
1331790
1842384
1348749
1134877
1332295
1331789
1840792
1348809
1348700
1136663
1134878
1323603
1332299
1331755
1839324
1348679
1350864
1136782
1134887
1323598
1332365
1078822
1841356
1350684
1332366
1331758
1841364
1348743
1349844
1136779
1134893
1323378
1332359
1331757
1840024
1348803
1350740
1136775
1134894
1323628
1332363
1062502
1840332
1332428
1331817
1840220
1348683
1350744
1136790
1134902
1323597
1332425
1078884
1841040
1332426
1331820
1841032
1348747
1349724
1136787
1134908
1323347
1332419
1331795
1840329
1348173
1349272
1136732
1134931
1324107
1332316
246046
1331804
1840777
1349257
1348188
1136723
1134940
1324115
1332307
246108
1331763
1839309
1348167
1351312
1136844
1134947
1324110
1332380
245815
1331825
1840205
1348171
1351192
1136852
1134962
1324109
1332440
246039
1331916
1840780
1135004
1324134
1079074
1840270
1350936
1135772
1333452
1331539
1840267
1348204
1349512
1135708
1135187
1324227
1333340
1331548
1840297
1349288
1348428
1135699
1135196
1324705
1333331
1331570
1840263
1348142
1350536
1135832
1135217
1324167
1333460
1079136
1840330
1349016
1137692
1334348
245822
1332044
1840808
1348777
1347932
1137683
1135388
1323689
1334339
246364
1078626
1839310
1334412
245819
1079106
1840206
1137812
1334472
1331987
1839307
1348197
1349520
1137740
1135427
1324234
1334300
1331996
1839785
1349281
1348436
1137731
1135436
1324712
1334291
1332050
1840323
1348141
1348504
1137752
1135441
1324171
1334356
1332049
1840203
1348201
1349400
1137748
1135442
1324233
1334360
1332056
1840211
1349161
1348440
1137746
1135444
1324681
1334353
1332052
1840801
1348265
1348380
1137745
1135448
1324201
1334354
1332018
1839303
1348135
1350544
1137864
1135457
1324174
1334420
1332080
1840199
1348139
1350424
1137872
1135472
1324173
1334480
1334096
1840227
1348393
1348408
1138256
1136464
1326217
1334608
1324614
1840840
1136924
1332812
1324386
1839820
1137036
1332876
1324644
1840716
1137044
1332936
1333072
1840707
